CG
21
0, 20, 1, 4
0, 20, 2, 4
0, 20, 17, 12
0, 20, 3, 4
0, 20, 18, 12
0, 20, 15, 12
0, 20, 16, 12
0, 20, 4, 4
0, 20, 8, 8
0, 20, 19, 24
0, 20, 14, 12
0, 20, 20, 24
0, 20, 9, 8
0, 20, 5, 4
0, 20, 12, 12
0, 20, 13, 12
0, 20, 10, 8
0, 20, 11, 8
0, 20, 6, 4
0, 20, 7, 4
1, 3, 17, 4
1, 3, 15, 4
1, 3, 0, 4
2, 3, 18, 4
2, 3, 16, 4
2, 3, 0, 4
3, 3, 17, 4
3, 3, 18, 4
3, 3, 0, 4
4, 3, 8, 4
4, 3, 19, 4
4, 3, 0, 4
5, 3, 20, 4
5, 3, 9, 4
5, 3, 0, 4
6, 3, 12, 4
6, 3, 10, 4
6, 3, 0, 4
7, 3, 13, 4
7, 3, 11, 4
7, 3, 0, 4
8, 4, 4, 4
8, 4, 19, 8
8, 4, 14, 4
8, 4, 0, 8
9, 4, 14, 4
9, 4, 20, 8
9, 4, 5, 4
9, 4, 0, 8
10, 4, 19, 4
10, 4, 12, 8
10, 4, 6, 4
10, 4, 0, 8
11, 4, 20, 4
11, 4, 13, 8
11, 4, 7, 4
11, 4, 0, 8
12, 5, 15, 4
12, 5, 19, 8
12, 5, 10, 8
12, 5, 6, 4
12, 5, 0, 12
13, 5, 16, 4
13, 5, 20, 8
13, 5, 11, 8
13, 5, 7, 4
13, 5, 0, 12
14, 5, 8, 4
14, 5, 19, 8
14, 5, 20, 8
14, 5, 9, 4
14, 5, 0, 12
15, 5, 1, 4
15, 5, 17, 8
15, 5, 19, 8
15, 5, 12, 4
15, 5, 0, 12
16, 5, 2, 4
16, 5, 18, 8
16, 5, 20, 8
16, 5, 13, 4
16, 5, 0, 12
17, 6, 1, 4
17, 6, 3, 4
17, 6, 18, 4
17, 6, 15, 8
17, 6, 19, 4
17, 6, 0, 12
18, 6, 2, 4
18, 6, 17, 4
18, 6, 3, 4
18, 6, 16, 8
18, 6, 20, 4
18, 6, 0, 12
19, 9, 17, 4
19, 9, 15, 8
19, 9, 4, 4
19, 9, 8, 8
19, 9, 14, 8
19, 9, 20, 4
19, 9, 12, 8
19, 9, 10, 4
19, 9, 0, 24
20, 9, 18, 4
20, 9, 16, 8
20, 9, 19, 4
20, 9, 14, 8
20, 9, 9, 8
20, 9, 5, 4
20, 9, 13, 8
20, 9, 11, 4
20, 9, 0, 24
DTG
0, 2, 0, 4, 4
0, 2, 0, 19, 1
0, 2, 1, 5, 4
0, 2, 1, 19, 1
0, 3, 2, 3, 4
0, 3, 2, 8, 4
0, 3, 2, 19, 1
0, 3, 3, 2, 4
0, 3, 3, 10, 4
0, 3, 3, 19, 1
0, 3, 4, 0, 4
0, 3, 4, 13, 4
0, 3, 4, 19, 1
0, 3, 5, 1, 4
0, 3, 5, 14, 4
0, 3, 5, 19, 1
0, 2, 6, 8, 4
0, 2, 6, 19, 1
0, 2, 7, 9, 4
0, 2, 7, 19, 1
0, 5, 8, 2, 4
0, 5, 8, 6, 4
0, 5, 8, 10, 4
0, 5, 8, 15, 4
0, 5, 8, 19, 1
0, 3, 9, 7, 4
0, 3, 9, 11, 4
0, 3, 9, 19, 1
0, 5, 10, 3, 4
0, 5, 10, 8, 4
0, 5, 10, 12, 4
0, 5, 10, 16, 4
0, 5, 10, 19, 1
0, 2, 11, 9, 4
0, 2, 11, 19, 1
0, 2, 12, 10, 4
0, 2, 12, 19, 1
0, 3, 13, 4, 4
0, 3, 13, 17, 4
0, 3, 13, 19, 1
0, 3, 14, 5, 4
0, 3, 14, 18, 4
0, 3, 14, 19, 1
0, 2, 15, 8, 4
0, 2, 15, 19, 1
0, 2, 16, 10, 4
0, 2, 16, 19, 1
0, 2, 17, 13, 4
0, 2, 17, 19, 1
0, 2, 18, 14, 4
0, 2, 18, 19, 1
0, 32, 19, 0, 4
0, 32, 19, 1, 4
0, 32, 19, 2, 4
0, 32, 19, 2, 4
0, 32, 19, 3, 4
0, 32, 19, 3, 4
0, 32, 19, 4, 4
0, 32, 19, 4, 4
0, 32, 19, 5, 4
0, 32, 19, 5, 4
0, 32, 19, 6, 4
0, 32, 19, 7, 4
0, 32, 19, 8, 4
0, 32, 19, 8, 4
0, 32, 19, 8, 4
0, 32, 19, 8, 4
0, 32, 19, 9, 4
0, 32, 19, 9, 4
0, 32, 19, 10, 4
0, 32, 19, 10, 4
0, 32, 19, 10, 4
0, 32, 19, 10, 4
0, 32, 19, 11, 4
0, 32, 19, 12, 4
0, 32, 19, 13, 4
0, 32, 19, 13, 4
0, 32, 19, 14, 4
0, 32, 19, 14, 4
0, 32, 19, 15, 4
0, 32, 19, 16, 4
0, 32, 19, 17, 4
0, 32, 19, 18, 4
1, 2, 0, 1, 4
1, 2, 0, 1, 4
1, 2, 1, 0, 4
1, 2, 1, 0, 4
2, 2, 0, 1, 4
2, 2, 0, 1, 4
2, 2, 1, 0, 4
2, 2, 1, 0, 4
3, 4, 1, 0, 4
3, 4, 1, 0, 4
3, 4, 1, 0, 4
3, 4, 1, 0, 4
4, 2, 0, 1, 4
4, 2, 0, 1, 4
4, 2, 1, 0, 4
4, 2, 1, 0, 4
5, 2, 0, 1, 4
5, 2, 0, 1, 4
5, 2, 1, 0, 4
5, 2, 1, 0, 4
6, 2, 0, 1, 4
6, 2, 0, 1, 4
6, 2, 1, 0, 4
6, 2, 1, 0, 4
7, 2, 0, 1, 4
7, 2, 0, 1, 4
7, 2, 1, 0, 4
7, 2, 1, 0, 4
8, 2, 0, 1, 4
8, 2, 0, 1, 4
8, 6, 1, 0, 4
8, 6, 1, 0, 4
8, 6, 1, 0, 4
8, 6, 1, 0, 4
8, 6, 1, 0, 4
8, 6, 1, 0, 4
9, 2, 0, 1, 4
9, 2, 0, 1, 4
9, 6, 1, 0, 4
9, 6, 1, 0, 4
9, 6, 1, 0, 4
9, 6, 1, 0, 4
9, 6, 1, 0, 4
9, 6, 1, 0, 4
10, 2, 0, 1, 4
10, 2, 0, 1, 4
10, 6, 1, 0, 4
10, 6, 1, 0, 4
10, 6, 1, 0, 4
10, 6, 1, 0, 4
10, 6, 1, 0, 4
10, 6, 1, 0, 4
11, 2, 0, 1, 4
11, 2, 0, 1, 4
11, 6, 1, 0, 4
11, 6, 1, 0, 4
11, 6, 1, 0, 4
11, 6, 1, 0, 4
11, 6, 1, 0, 4
11, 6, 1, 0, 4
12, 4, 0, 1, 4
12, 4, 0, 1, 4
12, 4, 0, 1, 4
12, 4, 0, 1, 4
12, 8, 1, 0, 4
12, 8, 1, 0, 4
12, 8, 1, 0, 4
12, 8, 1, 0, 4
12, 8, 1, 0, 4
12, 8, 1, 0, 4
12, 8, 1, 0, 4
12, 8, 1, 0, 4
13, 4, 0, 1, 4
13, 4, 0, 1, 4
13, 4, 0, 1, 4
13, 4, 0, 1, 4
13, 8, 1, 0, 4
13, 8, 1, 0, 4
13, 8, 1, 0, 4
13, 8, 1, 0, 4
13, 8, 1, 0, 4
13, 8, 1, 0, 4
13, 8, 1, 0, 4
13, 8, 1, 0, 4
14, 4, 0, 1, 4
14, 4, 0, 1, 4
14, 4, 0, 1, 4
14, 4, 0, 1, 4
14, 8, 1, 0, 4
14, 8, 1, 0, 4
14, 8, 1, 0, 4
14, 8, 1, 0, 4
14, 8, 1, 0, 4
14, 8, 1, 0, 4
14, 8, 1, 0, 4
14, 8, 1, 0, 4
15, 4, 0, 1, 4
15, 4, 0, 1, 4
15, 4, 0, 1, 4
15, 4, 0, 1, 4
15, 8, 1, 0, 4
15, 8, 1, 0, 4
15, 8, 1, 0, 4
15, 8, 1, 0, 4
15, 8, 1, 0, 4
15, 8, 1, 0, 4
15, 8, 1, 0, 4
15, 8, 1, 0, 4
16, 4, 0, 1, 4
16, 4, 0, 1, 4
16, 4, 0, 1, 4
16, 4, 0, 1, 4
16, 8, 1, 0, 4
16, 8, 1, 0, 4
16, 8, 1, 0, 4
16, 8, 1, 0, 4
16, 8, 1, 0, 4
16, 8, 1, 0, 4
16, 8, 1, 0, 4
16, 8, 1, 0, 4
17, 4, 0, 1, 4
17, 4, 0, 1, 4
17, 4, 0, 1, 4
17, 4, 0, 1, 4
17, 8, 1, 0, 4
17, 8, 1, 0, 4
17, 8, 1, 0, 4
17, 8, 1, 0, 4
17, 8, 1, 0, 4
17, 8, 1, 0, 4
17, 8, 1, 0, 4
17, 8, 1, 0, 4
18, 4, 0, 1, 4
18, 4, 0, 1, 4
18, 4, 0, 1, 4
18, 4, 0, 1, 4
18, 8, 1, 0, 4
18, 8, 1, 0, 4
18, 8, 1, 0, 4
18, 8, 1, 0, 4
18, 8, 1, 0, 4
18, 8, 1, 0, 4
18, 8, 1, 0, 4
18, 8, 1, 0, 4
19, 8, 0, 1, 4
19, 8, 0, 1, 4
19, 8, 0, 1, 4
19, 8, 0, 1, 4
19, 8, 0, 1, 4
19, 8, 0, 1, 4
19, 8, 0, 1, 4
19, 8, 0, 1, 4
19, 16, 1, 0, 4
19, 16, 1, 0, 4
19, 16, 1, 0, 4
19, 16, 1, 0, 4
19, 16, 1, 0, 4
19, 16, 1, 0, 4
19, 16, 1, 0, 4
19, 16, 1, 0, 4
19, 16, 1, 0, 4
19, 16, 1, 0, 4
19, 16, 1, 0, 4
19, 16, 1, 0, 4
19, 16, 1, 0, 4
19, 16, 1, 0, 4
19, 16, 1, 0, 4
19, 16, 1, 0, 4
20, 8, 0, 1, 4
20, 8, 0, 1, 4
20, 8, 0, 1, 4
20, 8, 0, 1, 4
20, 8, 0, 1, 4
20, 8, 0, 1, 4
20, 8, 0, 1, 4
20, 8, 0, 1, 4
20, 16, 1, 0, 4
20, 16, 1, 0, 4
20, 16, 1, 0, 4
20, 16, 1, 0, 4
20, 16, 1, 0, 4
20, 16, 1, 0, 4
20, 16, 1, 0, 4
20, 16, 1, 0, 4
20, 16, 1, 0, 4
20, 16, 1, 0, 4
20, 16, 1, 0, 4
20, 16, 1, 0, 4
20, 16, 1, 0, 4
20, 16, 1, 0, 4
20, 16, 1, 0, 4
20, 16, 1, 0, 4
Goal
1
2
3
4
5
6
7
8
9
10
11
12
13
14
15
16
17
18
19
20
