CG
34
0, 33, 1, 8
0, 33, 2, 8
0, 33, 3, 8
0, 33, 13, 12
0, 33, 14, 12
0, 33, 15, 12
0, 33, 4, 8
0, 33, 16, 12
0, 33, 25, 24
0, 33, 26, 24
0, 33, 27, 24
0, 33, 19, 12
0, 33, 7, 8
0, 33, 5, 8
0, 33, 17, 12
0, 33, 28, 24
0, 33, 30, 24
0, 33, 31, 24
0, 33, 20, 12
0, 33, 8, 8
0, 33, 6, 8
0, 33, 18, 12
0, 33, 29, 24
0, 33, 32, 24
0, 33, 33, 24
0, 33, 21, 12
0, 33, 9, 8
0, 33, 22, 12
0, 33, 23, 12
0, 33, 24, 12
0, 33, 10, 8
0, 33, 11, 8
0, 33, 12, 8
1, 5, 2, 4
1, 5, 3, 4
1, 5, 13, 4
1, 5, 25, 4
1, 5, 0, 8
2, 5, 1, 4
2, 5, 3, 4
2, 5, 14, 4
2, 5, 26, 4
2, 5, 0, 8
3, 5, 1, 4
3, 5, 2, 4
3, 5, 15, 4
3, 5, 27, 4
3, 5, 0, 8
4, 5, 16, 4
4, 5, 25, 4
4, 5, 5, 4
4, 5, 6, 4
4, 5, 0, 8
5, 5, 4, 4
5, 5, 17, 4
5, 5, 28, 4
5, 5, 6, 4
5, 5, 0, 8
6, 5, 4, 4
6, 5, 5, 4
6, 5, 18, 4
6, 5, 29, 4
6, 5, 0, 8
7, 5, 27, 4
7, 5, 19, 4
7, 5, 8, 4
7, 5, 9, 4
7, 5, 0, 8
8, 5, 7, 4
8, 5, 31, 4
8, 5, 20, 4
8, 5, 9, 4
8, 5, 0, 8
9, 5, 7, 4
9, 5, 8, 4
9, 5, 33, 4
9, 5, 21, 4
9, 5, 0, 8
10, 5, 29, 4
10, 5, 22, 4
10, 5, 11, 4
10, 5, 12, 4
10, 5, 0, 8
11, 5, 32, 4
11, 5, 23, 4
11, 5, 10, 4
11, 5, 12, 4
11, 5, 0, 8
12, 5, 33, 4
12, 5, 24, 4
12, 5, 10, 4
12, 5, 11, 4
12, 5, 0, 8
13, 6, 1, 4
13, 6, 14, 4
13, 6, 15, 4
13, 6, 25, 8
13, 6, 28, 4
13, 6, 0, 12
14, 6, 2, 4
14, 6, 13, 4
14, 6, 15, 4
14, 6, 26, 8
14, 6, 30, 4
14, 6, 0, 12
15, 6, 3, 4
15, 6, 13, 4
15, 6, 14, 4
15, 6, 27, 8
15, 6, 31, 4
15, 6, 0, 12
16, 6, 4, 4
16, 6, 25, 8
16, 6, 26, 4
16, 6, 17, 4
16, 6, 18, 4
16, 6, 0, 12
17, 6, 16, 4
17, 6, 5, 4
17, 6, 28, 8
17, 6, 30, 4
17, 6, 18, 4
17, 6, 0, 12
18, 6, 16, 4
18, 6, 17, 4
18, 6, 6, 4
18, 6, 29, 8
18, 6, 32, 4
18, 6, 0, 12
19, 6, 26, 4
19, 6, 27, 8
19, 6, 7, 4
19, 6, 20, 4
19, 6, 21, 4
19, 6, 0, 12
20, 6, 19, 4
20, 6, 30, 4
20, 6, 31, 8
20, 6, 8, 4
20, 6, 21, 4
20, 6, 0, 12
21, 6, 19, 4
21, 6, 20, 4
21, 6, 32, 4
21, 6, 33, 8
21, 6, 9, 4
21, 6, 0, 12
22, 6, 28, 4
22, 6, 29, 8
22, 6, 23, 4
22, 6, 24, 4
22, 6, 10, 4
22, 6, 0, 12
23, 6, 30, 4
23, 6, 32, 8
23, 6, 22, 4
23, 6, 24, 4
23, 6, 11, 4
23, 6, 0, 12
24, 6, 31, 4
24, 6, 33, 8
24, 6, 22, 4
24, 6, 23, 4
24, 6, 12, 4
24, 6, 0, 12
25, 9, 1, 4
25, 9, 13, 8
25, 9, 4, 4
25, 9, 16, 8
25, 9, 26, 8
25, 9, 27, 4
25, 9, 28, 8
25, 9, 29, 4
25, 9, 0, 24
26, 9, 2, 4
26, 9, 14, 8
26, 9, 16, 4
26, 9, 25, 8
26, 9, 27, 8
26, 9, 19, 4
26, 9, 30, 8
26, 9, 32, 4
26, 9, 0, 24
27, 9, 3, 4
27, 9, 15, 8
27, 9, 25, 4
27, 9, 26, 8
27, 9, 19, 8
27, 9, 7, 4
27, 9, 31, 8
27, 9, 33, 4
27, 9, 0, 24
28, 9, 13, 4
28, 9, 25, 8
28, 9, 5, 4
28, 9, 17, 8
28, 9, 30, 8
28, 9, 31, 4
28, 9, 29, 8
28, 9, 22, 4
28, 9, 0, 24
29, 9, 25, 4
29, 9, 28, 8
29, 9, 6, 4
29, 9, 18, 8
29, 9, 32, 8
29, 9, 33, 4
29, 9, 22, 8
29, 9, 10, 4
29, 9, 0, 24
30, 9, 14, 4
30, 9, 26, 8
30, 9, 17, 4
30, 9, 28, 8
30, 9, 31, 8
30, 9, 20, 4
30, 9, 32, 8
30, 9, 23, 4
30, 9, 0, 24
31, 9, 15, 4
31, 9, 27, 8
31, 9, 28, 4
31, 9, 30, 8
31, 9, 20, 8
31, 9, 8, 4
31, 9, 33, 8
31, 9, 24, 4
31, 9, 0, 24
32, 9, 26, 4
32, 9, 30, 8
32, 9, 18, 4
32, 9, 29, 8
32, 9, 33, 8
32, 9, 21, 4
32, 9, 23, 8
32, 9, 11, 4
32, 9, 0, 24
33, 9, 27, 4
33, 9, 31, 8
33, 9, 29, 4
33, 9, 32, 8
33, 9, 21, 8
33, 9, 9, 4
33, 9, 24, 8
33, 9, 12, 4
33, 9, 0, 24
DTG
0, 3, 0, 2, 4
0, 3, 0, 8, 4
0, 3, 0, 33, 1
0, 2, 1, 9, 4
0, 2, 1, 33, 1
0, 3, 2, 0, 4
0, 3, 2, 10, 4
0, 3, 2, 33, 1
0, 3, 3, 5, 4
0, 3, 3, 15, 4
0, 3, 3, 33, 1
0, 2, 4, 16, 4
0, 2, 4, 33, 1
0, 3, 5, 3, 4
0, 3, 5, 17, 4
0, 3, 5, 33, 1
0, 3, 6, 8, 4
0, 3, 6, 20, 4
0, 3, 6, 33, 1
0, 3, 7, 9, 4
0, 3, 7, 21, 4
0, 3, 7, 33, 1
0, 5, 8, 0, 4
0, 5, 8, 6, 4
0, 5, 8, 10, 4
0, 5, 8, 22, 4
0, 5, 8, 33, 1
0, 5, 9, 1, 4
0, 5, 9, 7, 4
0, 5, 9, 11, 4
0, 5, 9, 23, 4
0, 5, 9, 33, 1
0, 5, 10, 2, 4
0, 5, 10, 8, 4
0, 5, 10, 12, 4
0, 5, 10, 24, 4
0, 5, 10, 33, 1
0, 3, 11, 9, 4
0, 3, 11, 25, 4
0, 3, 11, 33, 1
0, 3, 12, 10, 4
0, 3, 12, 26, 4
0, 3, 12, 33, 1
0, 2, 13, 15, 4
0, 2, 13, 33, 1
0, 2, 14, 16, 4
0, 2, 14, 33, 1
0, 5, 15, 3, 4
0, 5, 15, 13, 4
0, 5, 15, 17, 4
0, 5, 15, 27, 4
0, 5, 15, 33, 1
0, 5, 16, 4, 4
0, 5, 16, 14, 4
0, 5, 16, 18, 4
0, 5, 16, 28, 4
0, 5, 16, 33, 1
0, 5, 17, 5, 4
0, 5, 17, 15, 4
0, 5, 17, 19, 4
0, 5, 17, 29, 4
0, 5, 17, 33, 1
0, 2, 18, 16, 4
0, 2, 18, 33, 1
0, 2, 19, 17, 4
0, 2, 19, 33, 1
0, 3, 20, 6, 4
0, 3, 20, 22, 4
0, 3, 20, 33, 1
0, 3, 21, 7, 4
0, 3, 21, 23, 4
0, 3, 21, 33, 1
0, 5, 22, 8, 4
0, 5, 22, 20, 4
0, 5, 22, 24, 4
0, 5, 22, 30, 4
0, 5, 22, 33, 1
0, 5, 23, 9, 4
0, 5, 23, 21, 4
0, 5, 23, 25, 4
0, 5, 23, 31, 4
0, 5, 23, 33, 1
0, 5, 24, 10, 4
0, 5, 24, 22, 4
0, 5, 24, 26, 4
0, 5, 24, 32, 4
0, 5, 24, 33, 1
0, 3, 25, 11, 4
0, 3, 25, 23, 4
0, 3, 25, 33, 1
0, 3, 26, 12, 4
0, 3, 26, 24, 4
0, 3, 26, 33, 1
0, 3, 27, 15, 4
0, 3, 27, 29, 4
0, 3, 27, 33, 1
0, 2, 28, 16, 4
0, 2, 28, 33, 1
0, 3, 29, 17, 4
0, 3, 29, 27, 4
0, 3, 29, 33, 1
0, 3, 30, 22, 4
0, 3, 30, 32, 4
0, 3, 30, 33, 1
0, 2, 31, 23, 4
0, 2, 31, 33, 1
0, 3, 32, 24, 4
0, 3, 32, 30, 4
0, 3, 32, 33, 1
0, 76, 33, 0, 4
0, 76, 33, 0, 4
0, 76, 33, 1, 4
0, 76, 33, 2, 4
0, 76, 33, 2, 4
0, 76, 33, 3, 4
0, 76, 33, 3, 4
0, 76, 33, 4, 4
0, 76, 33, 5, 4
0, 76, 33, 5, 4
0, 76, 33, 6, 4
0, 76, 33, 6, 4
0, 76, 33, 7, 4
0, 76, 33, 7, 4
0, 76, 33, 8, 4
0, 76, 33, 8, 4
0, 76, 33, 8, 4
0, 76, 33, 8, 4
0, 76, 33, 9, 4
0, 76, 33, 9, 4
0, 76, 33, 9, 4
0, 76, 33, 9, 4
0, 76, 33, 10, 4
0, 76, 33, 10, 4
0, 76, 33, 10, 4
0, 76, 33, 10, 4
0, 76, 33, 11, 4
0, 76, 33, 11, 4
0, 76, 33, 12, 4
0, 76, 33, 12, 4
0, 76, 33, 13, 4
0, 76, 33, 14, 4
0, 76, 33, 15, 4
0, 76, 33, 15, 4
0, 76, 33, 15, 4
0, 76, 33, 15, 4
0, 76, 33, 16, 4
0, 76, 33, 16, 4
0, 76, 33, 16, 4
0, 76, 33, 16, 4
0, 76, 33, 17, 4
0, 76, 33, 17, 4
0, 76, 33, 17, 4
0, 76, 33, 17, 4
0, 76, 33, 18, 4
0, 76, 33, 19, 4
0, 76, 33, 20, 4
0, 76, 33, 20, 4
0, 76, 33, 21, 4
0, 76, 33, 21, 4
0, 76, 33, 22, 4
0, 76, 33, 22, 4
0, 76, 33, 22, 4
0, 76, 33, 22, 4
0, 76, 33, 23, 4
0, 76, 33, 23, 4
0, 76, 33, 23, 4
0, 76, 33, 23, 4
0, 76, 33, 24, 4
0, 76, 33, 24, 4
0, 76, 33, 24, 4
0, 76, 33, 24, 4
0, 76, 33, 25, 4
0, 76, 33, 25, 4
0, 76, 33, 26, 4
0, 76, 33, 26, 4
0, 76, 33, 27, 4
0, 76, 33, 27, 4
0, 76, 33, 28, 4
0, 76, 33, 29, 4
0, 76, 33, 29, 4
0, 76, 33, 30, 4
0, 76, 33, 30, 4
0, 76, 33, 31, 4
0, 76, 33, 32, 4
0, 76, 33, 32, 4
1, 4, 0, 1, 4
1, 4, 0, 1, 4
1, 4, 0, 1, 4
1, 4, 0, 1, 4
1, 4, 1, 0, 4
1, 4, 1, 0, 4
1, 4, 1, 0, 4
1, 4, 1, 0, 4
2, 2, 0, 1, 4
2, 2, 0, 1, 4
2, 6, 1, 0, 4
2, 6, 1, 0, 4
2, 6, 1, 0, 4
2, 6, 1, 0, 4
2, 6, 1, 0, 4
2, 6, 1, 0, 4
3, 4, 0, 1, 4
3, 4, 0, 1, 4
3, 4, 0, 1, 4
3, 4, 0, 1, 4
3, 4, 1, 0, 4
3, 4, 1, 0, 4
3, 4, 1, 0, 4
3, 4, 1, 0, 4
4, 4, 0, 1, 4
4, 4, 0, 1, 4
4, 4, 0, 1, 4
4, 4, 0, 1, 4
4, 4, 1, 0, 4
4, 4, 1, 0, 4
4, 4, 1, 0, 4
4, 4, 1, 0, 4
5, 2, 0, 1, 4
5, 2, 0, 1, 4
5, 6, 1, 0, 4
5, 6, 1, 0, 4
5, 6, 1, 0, 4
5, 6, 1, 0, 4
5, 6, 1, 0, 4
5, 6, 1, 0, 4
6, 4, 0, 1, 4
6, 4, 0, 1, 4
6, 4, 0, 1, 4
6, 4, 0, 1, 4
6, 4, 1, 0, 4
6, 4, 1, 0, 4
6, 4, 1, 0, 4
6, 4, 1, 0, 4
7, 4, 0, 1, 4
7, 4, 0, 1, 4
7, 4, 0, 1, 4
7, 4, 0, 1, 4
7, 4, 1, 0, 4
7, 4, 1, 0, 4
7, 4, 1, 0, 4
7, 4, 1, 0, 4
8, 2, 0, 1, 4
8, 2, 0, 1, 4
8, 6, 1, 0, 4
8, 6, 1, 0, 4
8, 6, 1, 0, 4
8, 6, 1, 0, 4
8, 6, 1, 0, 4
8, 6, 1, 0, 4
9, 4, 0, 1, 4
9, 4, 0, 1, 4
9, 4, 0, 1, 4
9, 4, 0, 1, 4
9, 4, 1, 0, 4
9, 4, 1, 0, 4
9, 4, 1, 0, 4
9, 4, 1, 0, 4
10, 4, 0, 1, 4
10, 4, 0, 1, 4
10, 4, 0, 1, 4
10, 4, 0, 1, 4
10, 4, 1, 0, 4
10, 4, 1, 0, 4
10, 4, 1, 0, 4
10, 4, 1, 0, 4
11, 2, 0, 1, 4
11, 2, 0, 1, 4
11, 6, 1, 0, 4
11, 6, 1, 0, 4
11, 6, 1, 0, 4
11, 6, 1, 0, 4
11, 6, 1, 0, 4
11, 6, 1, 0, 4
12, 4, 0, 1, 4
12, 4, 0, 1, 4
12, 4, 0, 1, 4
12, 4, 0, 1, 4
12, 4, 1, 0, 4
12, 4, 1, 0, 4
12, 4, 1, 0, 4
12, 4, 1, 0, 4
13, 4, 0, 1, 4
13, 4, 0, 1, 4
13, 4, 0, 1, 4
13, 4, 0, 1, 4
13, 8, 1, 0, 4
13, 8, 1, 0, 4
13, 8, 1, 0, 4
13, 8, 1, 0, 4
13, 8, 1, 0, 4
13, 8, 1, 0, 4
13, 8, 1, 0, 4
13, 8, 1, 0, 4
14, 2, 0, 1, 4
14, 2, 0, 1, 4
14, 10, 1, 0, 4
14, 10, 1, 0, 4
14, 10, 1, 0, 4
14, 10, 1, 0, 4
14, 10, 1, 0, 4
14, 10, 1, 0, 4
14, 10, 1, 0, 4
14, 10, 1, 0, 4
14, 10, 1, 0, 4
14, 10, 1, 0, 4
15, 4, 0, 1, 4
15, 4, 0, 1, 4
15, 4, 0, 1, 4
15, 4, 0, 1, 4
15, 8, 1, 0, 4
15, 8, 1, 0, 4
15, 8, 1, 0, 4
15, 8, 1, 0, 4
15, 8, 1, 0, 4
15, 8, 1, 0, 4
15, 8, 1, 0, 4
15, 8, 1, 0, 4
16, 4, 0, 1, 4
16, 4, 0, 1, 4
16, 4, 0, 1, 4
16, 4, 0, 1, 4
16, 8, 1, 0, 4
16, 8, 1, 0, 4
16, 8, 1, 0, 4
16, 8, 1, 0, 4
16, 8, 1, 0, 4
16, 8, 1, 0, 4
16, 8, 1, 0, 4
16, 8, 1, 0, 4
17, 2, 0, 1, 4
17, 2, 0, 1, 4
17, 10, 1, 0, 4
17, 10, 1, 0, 4
17, 10, 1, 0, 4
17, 10, 1, 0, 4
17, 10, 1, 0, 4
17, 10, 1, 0, 4
17, 10, 1, 0, 4
17, 10, 1, 0, 4
17, 10, 1, 0, 4
17, 10, 1, 0, 4
18, 4, 0, 1, 4
18, 4, 0, 1, 4
18, 4, 0, 1, 4
18, 4, 0, 1, 4
18, 8, 1, 0, 4
18, 8, 1, 0, 4
18, 8, 1, 0, 4
18, 8, 1, 0, 4
18, 8, 1, 0, 4
18, 8, 1, 0, 4
18, 8, 1, 0, 4
18, 8, 1, 0, 4
19, 4, 0, 1, 4
19, 4, 0, 1, 4
19, 4, 0, 1, 4
19, 4, 0, 1, 4
19, 8, 1, 0, 4
19, 8, 1, 0, 4
19, 8, 1, 0, 4
19, 8, 1, 0, 4
19, 8, 1, 0, 4
19, 8, 1, 0, 4
19, 8, 1, 0, 4
19, 8, 1, 0, 4
20, 2, 0, 1, 4
20, 2, 0, 1, 4
20, 10, 1, 0, 4
20, 10, 1, 0, 4
20, 10, 1, 0, 4
20, 10, 1, 0, 4
20, 10, 1, 0, 4
20, 10, 1, 0, 4
20, 10, 1, 0, 4
20, 10, 1, 0, 4
20, 10, 1, 0, 4
20, 10, 1, 0, 4
21, 4, 0, 1, 4
21, 4, 0, 1, 4
21, 4, 0, 1, 4
21, 4, 0, 1, 4
21, 8, 1, 0, 4
21, 8, 1, 0, 4
21, 8, 1, 0, 4
21, 8, 1, 0, 4
21, 8, 1, 0, 4
21, 8, 1, 0, 4
21, 8, 1, 0, 4
21, 8, 1, 0, 4
22, 4, 0, 1, 4
22, 4, 0, 1, 4
22, 4, 0, 1, 4
22, 4, 0, 1, 4
22, 8, 1, 0, 4
22, 8, 1, 0, 4
22, 8, 1, 0, 4
22, 8, 1, 0, 4
22, 8, 1, 0, 4
22, 8, 1, 0, 4
22, 8, 1, 0, 4
22, 8, 1, 0, 4
23, 2, 0, 1, 4
23, 2, 0, 1, 4
23, 10, 1, 0, 4
23, 10, 1, 0, 4
23, 10, 1, 0, 4
23, 10, 1, 0, 4
23, 10, 1, 0, 4
23, 10, 1, 0, 4
23, 10, 1, 0, 4
23, 10, 1, 0, 4
23, 10, 1, 0, 4
23, 10, 1, 0, 4
24, 4, 0, 1, 4
24, 4, 0, 1, 4
24, 4, 0, 1, 4
24, 4, 0, 1, 4
24, 8, 1, 0, 4
24, 8, 1, 0, 4
24, 8, 1, 0, 4
24, 8, 1, 0, 4
24, 8, 1, 0, 4
24, 8, 1, 0, 4
24, 8, 1, 0, 4
24, 8, 1, 0, 4
25, 8, 0, 1, 4
25, 8, 0, 1, 4
25, 8, 0, 1, 4
25, 8, 0, 1, 4
25, 8, 0, 1, 4
25, 8, 0, 1, 4
25, 8, 0, 1, 4
25, 8, 0, 1, 4
25, 16, 1, 0, 4
25, 16, 1, 0, 4
25, 16, 1, 0, 4
25, 16, 1, 0, 4
25, 16, 1, 0, 4
25, 16, 1, 0, 4
25, 16, 1, 0, 4
25, 16, 1, 0, 4
25, 16, 1, 0, 4
25, 16, 1, 0, 4
25, 16, 1, 0, 4
25, 16, 1, 0, 4
25, 16, 1, 0, 4
25, 16, 1, 0, 4
25, 16, 1, 0, 4
25, 16, 1, 0, 4
26, 8, 0, 1, 4
26, 8, 0, 1, 4
26, 8, 0, 1, 4
26, 8, 0, 1, 4
26, 8, 0, 1, 4
26, 8, 0, 1, 4
26, 8, 0, 1, 4
26, 8, 0, 1, 4
26, 16, 1, 0, 4
26, 16, 1, 0, 4
26, 16, 1, 0, 4
26, 16, 1, 0, 4
26, 16, 1, 0, 4
26, 16, 1, 0, 4
26, 16, 1, 0, 4
26, 16, 1, 0, 4
26, 16, 1, 0, 4
26, 16, 1, 0, 4
26, 16, 1, 0, 4
26, 16, 1, 0, 4
26, 16, 1, 0, 4
26, 16, 1, 0, 4
26, 16, 1, 0, 4
26, 16, 1, 0, 4
27, 8, 0, 1, 4
27, 8, 0, 1, 4
27, 8, 0, 1, 4
27, 8, 0, 1, 4
27, 8, 0, 1, 4
27, 8, 0, 1, 4
27, 8, 0, 1, 4
27, 8, 0, 1, 4
27, 16, 1, 0, 4
27, 16, 1, 0, 4
27, 16, 1, 0, 4
27, 16, 1, 0, 4
27, 16, 1, 0, 4
27, 16, 1, 0, 4
27, 16, 1, 0, 4
27, 16, 1, 0, 4
27, 16, 1, 0, 4
27, 16, 1, 0, 4
27, 16, 1, 0, 4
27, 16, 1, 0, 4
27, 16, 1, 0, 4
27, 16, 1, 0, 4
27, 16, 1, 0, 4
27, 16, 1, 0, 4
28, 8, 0, 1, 4
28, 8, 0, 1, 4
28, 8, 0, 1, 4
28, 8, 0, 1, 4
28, 8, 0, 1, 4
28, 8, 0, 1, 4
28, 8, 0, 1, 4
28, 8, 0, 1, 4
28, 16, 1, 0, 4
28, 16, 1, 0, 4
28, 16, 1, 0, 4
28, 16, 1, 0, 4
28, 16, 1, 0, 4
28, 16, 1, 0, 4
28, 16, 1, 0, 4
28, 16, 1, 0, 4
28, 16, 1, 0, 4
28, 16, 1, 0, 4
28, 16, 1, 0, 4
28, 16, 1, 0, 4
28, 16, 1, 0, 4
28, 16, 1, 0, 4
28, 16, 1, 0, 4
28, 16, 1, 0, 4
29, 8, 0, 1, 4
29, 8, 0, 1, 4
29, 8, 0, 1, 4
29, 8, 0, 1, 4
29, 8, 0, 1, 4
29, 8, 0, 1, 4
29, 8, 0, 1, 4
29, 8, 0, 1, 4
29, 16, 1, 0, 4
29, 16, 1, 0, 4
29, 16, 1, 0, 4
29, 16, 1, 0, 4
29, 16, 1, 0, 4
29, 16, 1, 0, 4
29, 16, 1, 0, 4
29, 16, 1, 0, 4
29, 16, 1, 0, 4
29, 16, 1, 0, 4
29, 16, 1, 0, 4
29, 16, 1, 0, 4
29, 16, 1, 0, 4
29, 16, 1, 0, 4
29, 16, 1, 0, 4
29, 16, 1, 0, 4
30, 8, 0, 1, 4
30, 8, 0, 1, 4
30, 8, 0, 1, 4
30, 8, 0, 1, 4
30, 8, 0, 1, 4
30, 8, 0, 1, 4
30, 8, 0, 1, 4
30, 8, 0, 1, 4
30, 16, 1, 0, 4
30, 16, 1, 0, 4
30, 16, 1, 0, 4
30, 16, 1, 0, 4
30, 16, 1, 0, 4
30, 16, 1, 0, 4
30, 16, 1, 0, 4
30, 16, 1, 0, 4
30, 16, 1, 0, 4
30, 16, 1, 0, 4
30, 16, 1, 0, 4
30, 16, 1, 0, 4
30, 16, 1, 0, 4
30, 16, 1, 0, 4
30, 16, 1, 0, 4
30, 16, 1, 0, 4
31, 8, 0, 1, 4
31, 8, 0, 1, 4
31, 8, 0, 1, 4
31, 8, 0, 1, 4
31, 8, 0, 1, 4
31, 8, 0, 1, 4
31, 8, 0, 1, 4
31, 8, 0, 1, 4
31, 16, 1, 0, 4
31, 16, 1, 0, 4
31, 16, 1, 0, 4
31, 16, 1, 0, 4
31, 16, 1, 0, 4
31, 16, 1, 0, 4
31, 16, 1, 0, 4
31, 16, 1, 0, 4
31, 16, 1, 0, 4
31, 16, 1, 0, 4
31, 16, 1, 0, 4
31, 16, 1, 0, 4
31, 16, 1, 0, 4
31, 16, 1, 0, 4
31, 16, 1, 0, 4
31, 16, 1, 0, 4
32, 8, 0, 1, 4
32, 8, 0, 1, 4
32, 8, 0, 1, 4
32, 8, 0, 1, 4
32, 8, 0, 1, 4
32, 8, 0, 1, 4
32, 8, 0, 1, 4
32, 8, 0, 1, 4
32, 16, 1, 0, 4
32, 16, 1, 0, 4
32, 16, 1, 0, 4
32, 16, 1, 0, 4
32, 16, 1, 0, 4
32, 16, 1, 0, 4
32, 16, 1, 0, 4
32, 16, 1, 0, 4
32, 16, 1, 0, 4
32, 16, 1, 0, 4
32, 16, 1, 0, 4
32, 16, 1, 0, 4
32, 16, 1, 0, 4
32, 16, 1, 0, 4
32, 16, 1, 0, 4
32, 16, 1, 0, 4
33, 8, 0, 1, 4
33, 8, 0, 1, 4
33, 8, 0, 1, 4
33, 8, 0, 1, 4
33, 8, 0, 1, 4
33, 8, 0, 1, 4
33, 8, 0, 1, 4
33, 8, 0, 1, 4
33, 16, 1, 0, 4
33, 16, 1, 0, 4
33, 16, 1, 0, 4
33, 16, 1, 0, 4
33, 16, 1, 0, 4
33, 16, 1, 0, 4
33, 16, 1, 0, 4
33, 16, 1, 0, 4
33, 16, 1, 0, 4
33, 16, 1, 0, 4
33, 16, 1, 0, 4
33, 16, 1, 0, 4
33, 16, 1, 0, 4
33, 16, 1, 0, 4
33, 16, 1, 0, 4
33, 16, 1, 0, 4
Goal
1
2
3
4
5
6
7
8
9
10
11
12
13
14
15
16
17
18
19
20
21
22
23
24
25
26
27
28
29
30
31
32
33
